octave:1> a=[8 4 -1; -2 5 1 ; 2 -1 6]
a =

   8   4  -1
  -2   5   1
   2  -1   6

octave:2> b=[11;4;7]
b =

   11
    4
    7

octave:3> [l,u]=lu(a)
l =

   1.0000        0        0
  -0.2500   1.0000        0
   0.2500  -0.3333   1.0000

u =

   8.0000   4.0000  -1.0000
        0   6.0000   0.7500
        0        0   6.5000

octave:4> d=inv(l)*b
d =

   11.0000
    6.7500
    6.5000


octave:5> x=inv(u)*d
x =

   1
   1
   1